Tom_X,Tom_Y,Jerry_X,Jerry_Y,Spike_X,Spike_Y
10,28,1,24,11,24
10,26,4,29,6,25
10,27,4,29,7,26
11,27,3,28,8,25
10,27,4,27,8,24
10,28,5,28,9,23
10,27,4,29,10,24
10,26,3,28,9,25
11,26,3,29,10,24
11,27,2,28,9,25
11,28,2,27,8,26
10,28,3,26,9,26
10,29,2,25,10,25
10,28,1,24,11,24
