Tom_X,Tom_Y,Jerry_X,Jerry_Y,Spike_X,Spike_Y
22,11,22,12,22,12
8,24,26,10,13,17
9,23,25,10,13,18
10,22,25,10,12,19
11,21,25,10,11,20
12,20,25,10,11,21
13,19,25,10,12,20
14,18,25,10,13,19
15,17,25,10,14,18
16,17,24,10,15,17
17,17,23,10,16,17
18,17,22,10,17,18
19,16,22,10,18,17
20,15,22,10,19,16
21,14,22,10,20,15
22,13,22,10,21,14
22,12,22,11,22,13
22,11,22,12,22,12
